0.6470791133836780, 0.8191520442889918
0.6528118288880268, 0.8231562891193349
0.6585124066925623, 0.8271200102511963
0.6641805661598169, 0.8310430125519597
0.6698160282482671, 0.8349251028935832
0.6754185155260697, 0.8387660901621063
0.6809877521847201, 0.8425657852670589
0.6865234640526299, 0.8463240011507691
0.6920253786086249, 0.8500405527975732
0.6974932249953606, 0.8537152572429231
0.7029267340326567, 0.8573479335823943
0.7083256382307487, 0.8609384029805909
0.7136896718034562, 0.8644864886799504
0.7190185706812680, 0.8679920160094450
0.7243120725243413, 0.8714548123931807
0.7295699167354170, 0.8748747073588931
0.7347918444726492, 0.8782515325463396
0.7399775986623474, 0.8815851217155880
0.7451269240116324, 0.8848753107552004
0.7502395670210036, 0.8881219376903119
0.7553152759968202, 0.8913248426906052
0.7603538010636903, 0.8944838680781783
0.7653548941767735, 0.8975988583353077
0.7703183091339907, 0.9006696601121039
0.7752438015881463, 0.9036961222340610
0.7801311290589557, 0.9066780957094989
0.7849800509449831, 0.9096154337368980
0.7897903285354873, 0.9125079917121267
0.7945617250221712, 0.9153556272355594
0.7992940055108414, 0.9181582001190874
0.8039869370329715, 0.9209155723930202
0.8086402885571714, 0.9236276083128776
0.8132538310005600, 0.9262941743660722
0.8178273372400439, 0.9289151392784826
0.8223605821234976, 0.9314903740209155
0.8268533424808486, 0.9340197518154582
0.8313053971350637, 0.9365031481417195
0.8357165269130369, 0.9389404407429601
0.8400865146563798, 0.9413315096321109
0.8444151452321126, 0.9436762370976802
0.8487022055432535, 0.9459745077095484
0.8529474845393114, 0.9482262083246509
0.8571507732266742, 0.9504312280925477
0.8613118646788983, 0.9525894584608806
0.8654305540468956, 0.9547007931807177
0.8695066385690176, 0.9567651283117832
0.8735399175810374, 0.9587823622275750
0.8775301925260290, 0.9607523956203673
0.8814772669641416, 0.9626751315060998
0.8853809465822702, 0.9645504752291523
0.8892410392036214, 0.9663783344670036
0.8930573547971752, 0.9681586192347780
0.8968297054870391, 0.9698912418896739
0.9005579055616977, 0.9715761171352795
0.9042417714831548, 0.9732131620257708
0.9078811218959695, 0.9748022959699961
0.9114757776361838, 0.9763434407354427
0.9150255617401429, 0.9778365204520885
0.9185302994532072, 0.9792814616161371
0.9219898182383552, 0.9806781930936366
0.9254039477846775, 0.9820266461239807
0.9287725200157613, 0.9833267543232950
0.9320953690979644, 0.9845784536877037
0.9353723314485796, 0.9857816825964815
0.9386032457438874, 0.9869363818150868
0.9417879529270984, 0.9880424944980777
0.9449262962161826, 0.9890999661919105
0.9480181211115892, 0.9901087448376209
0.9510632754038514, 0.9910687807733860
0.9540616091810801, 0.9919800267369701
0.9570129748363436, 0.9928424378680502
0.9599172270749350, 0.9936559717104257
0.9627742229215245, 0.9944205882141082
0.9655838217271975, 0.9951362497372920
0.9683458851763802, 0.9958029210482090
0.9710602772936472, 0.9964205693268618
0.9737268644504163, 0.9969891641666400
0.9763455153715273, 0.9975086775758167
0.9789161011417038, 0.9979790839789274
0.9814384952119006, 0.9984003602180279
0.9839125734055326, 0.9987724855538351
0.9863382139245890, 0.9990954416667480
0.9887152973556288, 0.9993692126577491
0.9910437066756592, 0.9995937850491875
0.9933233272578977, 0.9997691477854425
0.9955540468774138, 0.9998952922334671
0.9977357557166547, 0.9999722121832141
0.9998683463708514, 0.9999999038479410
1.0019517138533061, 0.9999783658643969
1.0039857556005600, 0.9999075992928891
1.0059703714774444, 0.9997876076172314
1.0079054637820080, 0.9996183967445724
1.0097909372503282, 0.9993999750051046
1.0116266990612002, 0.9991323531516545
1.0134126588407073, 0.9988155443591530
1.0151487286666689, 0.9984495642239870
1.0168348230729705, 0.9980344307632317
1.0184708590537690, 0.9975701644137632
1.0200567560675808, 0.9970567880312529
1.0215924360412467, 0.9964943268890418
1.0230778233737738, 0.9958828086768969
1.0245128449400598, 0.9952222634996476
1.0258974300944903, 0.9945127238757037
1.0272315106744192, 0.9937542247354547
1.0285150210035219, 0.9929468034195501
1.0297478978950307, 0.9920904996770611
1.0309300806548438, 0.9911853556635237
1.0320615110845142, 0.9902314159388638
1.0331421334841144, 0.9892287274652030
1.0341718946549789, 0.9881773396045467
1.0351507439023222, 0.9870773041163547
1.0360786330377358, 0.9859286751549923
1.0369555163815594, 0.9847315092670647
1.0377813507651303, 0.9834858653886331
1.0385560955329085, 0.9821918048423136
1.0392797125444775, 0.9808493913342575
1.0399521661764233, 0.9794586909510165
1.0405734233240869, 0.9780197721562873
1.0411434534031943, 0.9765327057875434
1.0416622283513626, 0.9749975650525458
1.0421297226294810, 0.9734144255257402
1.0425459132229689, 0.9717833651445363
1.0429107796429071, 0.9701044642054708
1.0432243039270488, 0.9683778053602541
1.0434864706407021, 0.9666034736117022
1.0436972668774909, 0.9647815563095512
1.0438566822599893, 0.9629121431461579
1.0439647089402335, 0.9609953261520835
1.0440213416001074, 0.9590311996915636
1.0440265774516049, 0.9570198604578622
1.0439804162369670, 0.9549614074685120
1.0438828602286940, 0.9528559420604393
1.0437339142294346, 0.9507035678849756
1.0435335855717482, 0.9485043909027545
1.0432818841177458, 0.9462585193784960
1.0429788222586018, 0.9439660638756757
1.0426244149139472, 0.9416271372510828
1.0422186795311321, 0.9392418546492632
1.0417616360843689, 0.9368103334968518
1.0412533070737475, 0.9343326934967912
1.0406937175241291, 0.9318090566224388
1.0400828949839127, 0.9292395471115623
1.0394208695236802, 0.9266242914602234
1.0387076737347152, 0.9239634184165502
1.0379433427273992, 0.9212570589743994
1.0371279141294822, 0.9185053463669072
1.0362614280842313, 0.9157084160599305
1.0353439272484535, 0.9128664057453776
1.0343754567903969, 0.9099794553344304
1.0333560643875259, 0.9070477069506556
1.0322858002241750, 0.9040713049230091
1.0311647169890774, 0.9010503957787298
1.0299928698727716, 0.8979851282361265
1.0287703165648849, 0.8948756531972569
1.0274971172512923, 0.8917221237404981
1.0261733346111541, 0.8885246951130110
1.0247990338138304, 0.8852835247230973
1.0233742825156726, 0.8819987721324509
1.0218991508566926, 0.8786705990483019
1.0203737114571101, 0.8752991693154564
1.0187980394137777, 0.8718846489082303
1.0171722122964830, 0.8684272059222782
1.0154963101441310, 0.8649270105663188
1.0137704154608034, 0.8613842351537550
1.0119946132116959, 0.8577990540941908
1.0101689908189377, 0.8541716438848459
1.0082936381572853, 0.8505021831018661
1.0063686475496998, 0.8467908523915325
1.0043941137628005, 0.8430378344613683
1.0023701340022007, 0.8392433140711436
1.0002968079077219, 0.8354074780237808
0.9981742375484881, 0.8315305151561574
0.9960025274179016, 0.8276126163298101
0.9937817844284987, 0.8236539744215386
0.9915121179066859, 0.8196547843139105
0.9891936395873588, 0.8156152428856670
0.9868264636084003, 0.8115355490020310
0.9844107065050627, 0.8074159035049165
0.9819464872042297, 0.8032565092030423
0.9794339270185626, 0.7990575708619462
0.9768731496405274, 0.7948192951939058
0.9742642811363057, 0.7905418908477616
0.9716074499395890, 0.7862255683986454
0.9689027868452549, 0.7818705403376135
0.9661504250029294, 0.7774770210611863
0.9633504999104305, 0.7730452268607931
0.9605031494070992, 0.7685753759121248
0.9576085136670128, 0.7640676882643922
0.9546667351920843, 0.7595223858294945
0.9516779588050472, 0.7549396923710930
0.9486423316423260, 0.7503198334935968
0.9455600031467926, 0.7456630366310552
0.9424311250604090, 0.7409695310359617
0.9392558514167580, 0.7362395477679684
0.9360343385334593, 0.7314733196825103
0.9327667450044741, 0.7266710814193419
0.9294532316922980, 0.7218330693909868
0.9260939617200418, 0.7169595217710983
0.9226891004634004, 0.7120506784827347
0.9192388155425117, 0.7071067811865476
